0.0 0.0 311.6
-1.225832464862802 1.89031375292544 311.6
-2.492525076072911 3.7806275074310545 311.6
-3.7592167360826605 5.670941260356495 311.6
-13.238943252280198 19.903891869689115 311.8
-13.320666006760158 19.57030709059766 311.8
-11.359348978902494 16.012069437474416 311.8
-11.032460507455768 16.34565421814605 311.8
-8.376500012765046 15.011315097039702 311.8
-8.703385703709667 16.234459290202054 311.8
-8.703384358130709 17.012823777909134 311.8
-5.761386244729339 24.90766356870235 311.8
-3.3914521420530637 28.132316441153964 312.0
2.6968122435743695 37.695080133725156 312.2
6.701162269154142 43.36602139250148 312.2
10.05173785347903 46.145894557917636 312.2
14.260380982079726 50.14891191807632 312.4
21.329238981378722 59.93406546179499 312.4
22.14644973558745 60.267650242466615 312.8
24.8023947574656 59.15570097566808 312.8
26.763704983416364 59.04450604930426 313.0
29.256191068355296 61.04601472859352 313.2
32.07555135671274 64.38186252740896 314.0
32.93361615733557 65.49381179420747 314.2
34.322864786646264 67.05054076804147 314.6
35.54867039419699 68.60726974029528 315.0
36.24329478285438 69.27443930005838 315.0
36.89705764258332 70.05280378618528 315.2
38.04112136587016 74.16701607270778 315.8
37.8367946532483 77.3916689451594 316.2
37.59161938274013 79.0595928453572 316.6
38.49054516088028 79.61556747875646 316.6
38.57225243260077 81.39468630531809 316.6
37.01952230731729 85.95367829729587 317.2
36.89693458820454 86.84323770978659 317.2
34.77215653687096 92.29178911583527 318.2
31.789311780700704 98.51870500801087 319.4
31.012955160727167 100.29782383457248 319.8
30.277433277913683 106.41354479880408 320.4
27.33545236729267 114.53077444390512 320.6
27.70318225328044 116.64347805113835 320.6
27.335438480983434 117.0882577581738 320.6
26.232157726617235 127.985360568691 321.2
25.16978118878556 130.98762358841495 321.6
24.59773581762966 131.9883779272695 321.6
22.63642855806426 137.77051411398983 322.0
22.963291148469185 141.5511416198407 322.4
22.840701717356417 143.6638452254938 322.6
23.208422134608146 147.7780575120163 322.8
22.758946666892758 151.44749008992318 322.8
22.963241951160335 152.33704950399408 323.0
23.453553550318016 153.78258354988407 323.2
23.249226574109354 159.78710958933203 323.8
22.84062200929144 161.23264363522202 323.8
21.328782966817545 167.57075445376142 324.8
20.756724636158875 172.9081109334463 325.6
20.9610106069144 175.91037395317025 325.8
20.388951362045535 181.8037050646742 326.8
21.81901499877521 187.14106154277889 327.4
22.3910253612411 192.47841802246376 327.8
23.126478608443847 196.48143538104227 328.2
23.57593105682124 196.9262150880777 328.4
23.57593105682124 196.9262150880777 328.4
23.57593105682124 196.9262150880777 328.4
23.57593105682124 196.9262150880777 328.4
23.984512275586926 199.8172831814379 328.4
23.902775373787716 203.59791068728876 328.8
24.10706301500914 205.59941936657802 329.0
26.39511815532421 219.4987851968192 329.8
26.803685266619773 224.39136196946862 330.2
27.048803285953134 231.3966423477711 330.6
24.760628477685632 243.294499498723 331.2
24.474606508652077 244.9624233989208 331.6
22.513351855021853 248.8542458311355 332.0
21.77787739158263 251.411729143824 332.2
21.410139730808847 252.857263189714 332.4
20.184342514537196 259.30656893619744 332.8
19.775711525991895 269.75889203967915 333.2
19.898282536886168 271.20442608714933 333.4
21.736890143588614 281.10077455881196 334.2
22.10461362919647 282.43511367833815 334.4
24.147530422631835 287.3276904509876 335.0
25.82271927598591 291.3307078095661 335.4
30.153695691291123 299.5591323810309 336.4
30.807428907477995 300.4486917951018 336.4
34.93411257370858 306.3420229066058 337.4
37.263026251117935 310.01145548609287 338.2
37.99846644834261 311.9017692390183 338.4
41.71653791112561 318.90704961732075 339.2
43.47342884144771 321.79811771068097 339.6
48.04954209979769 325.68994014289564 340.8
49.35701263316205 325.68994014289564 340.8
53.974038220833016 323.79962638997023 341.8
55.771850299466635 320.24138873684694 342.4
56.62995756786132 313.23610835854447 343.0
56.834308089953154 308.1211417331674 343.6
58.87731985733648 301.11586135486493 344.0
60.225711296962885 296.44567443494316 344.4
61.7783866045332 292.7762418554561 345.0
66.43636594326493 286.3269361105528 346.2
67.04925643372495 285.65976655078975 346.4
69.37822216396222 284.5478172839912 346.8
72.52432481795185 286.215741184189 347.2
73.13717251214447 288.5508346441499 347.4
74.03593921815948 297.1128439947062 348.4
74.07677336148801 298.78076789490405 348.6
73.25942676937959 310.67862504585594 349.6
73.30026429773919 312.1241590917459 349.8
74.85273597971609 322.46528727044404 350.4
76.93641991405394 328.91459301534724 350.8
77.2632685655043 330.1377372085096 350.8
79.46956346047988 333.9183647143605 351.4
80.08242158259628 335.03031398115905 351.4
82.94243478664063 339.478111046773 351.6
83.92300719555723 341.14603494697076 351.6
84.86272813738267 342.3691791401331 351.6
86.33358566139175 344.81546752487765 351.8
92.99330352538107 354.82301092290413 352.8
94.05557771343378 356.9357145301374 353.0
96.38440147252106 361.8282913027868 354.0
100.59260317982343 371.279860067414 355.0
107.53817581976145 385.4016157503828 356.0
107.90587609453692 386.4023700908175 356.2
109.8668641013467 395.29796422204544 357.0
112.8492831246097 404.527143133945 358.0
117.54764616295444 416.75858506398833 359.0
118.89590611350692 418.64889881691386 359.4
120.61185756956942 421.65116183663775 360.0
121.18384093340613 422.6519161770725 360.2
124.53404861116778 427.5444929497219 361.2
125.67798167621964 430.7691458221735 361.8
131.19341590755738 443.89014716628776 362.0
137.03571076169902 455.89919924360356 361.6
139.56873991772807 460.56938616194515 361.4
145.0841918166369 470.6881244879156 360.8
149.2106252180471 475.8030911132926 360.8
155.9927471894792 481.58522729843276 361.6
161.83524298225427 484.14271061112134 361.4
167.1057955248282 484.8098801708844 361.4
174.33749022099073 485.4770497306475 361.2
175.48148287324048 485.6994395849553 361.2
179.03596444436837 488.2569228976438 361.4
184.2246455774282 493.0383047423492 361.2
191.17005629708453 500.82194960835875 360.2
192.10972561592126 501.93389887357716 360.2
193.82564354827554 503.93540755444667 360.2
203.59009508289526 513.164586464766 359.4
209.3917055068405 514.9437052913275 359.2
215.8879841045874 514.2765357315645 358.8
226.83767469331704 513.4981712454377 358.2
231.5770836745874 513.3869763190738 358.2
239.38064641365665 515.7220697774545 358.6
241.01475785106993 519.169112504214 358.8
241.0144810166491 524.9512486893541 358.8
240.97336336065453 530.3998000954027 358.8
240.89159124394848 531.6229442885651 358.8
242.93344300942388 552.0828107916535 358.0
243.38272601506694 554.9738788834335 358.0
244.11790203866957 559.9776505824467 358.0
247.54930564620406 571.0971432472717 358.0
248.81571308126092 573.9882113406319 358.2
253.268404774434 587.1092126847461 358.4
259.3553681212692 599.3406546147895 357.2
260.9077608999409 602.1205277817859 357.0
268.5064941327899 611.9056813255045 356.4
277.2897476906909 626.6946065698165 356.4
282.43725571874245 632.9215224619921 355.8
285.46041394001145 636.1461753344438 355.0
288.32015102353455 639.2596332805316 354.6
289.58660744609307 640.5939724000577 354.2
293.91697558403075 646.7096933658695 353.6
297.75704387824413 653.1589991107727 353.2
303.1900611128336 666.5023903076146 352.4
304.7014388802454 671.1725772275364 352.2
304.8238509614316 673.7300605402249 351.8
304.94642458576993 673.6188656138611 352.0
307.5607025572243 681.5137054046543 351.6
308.3776776425812 683.7376039382514 351.4
311.97246970240377 691.7436386569887 350.4
312.789482634242 693.3003676292424 350.2
313.97411095482954 696.1914357226026 350.2
315.24047661600287 698.6377241089273 349.8
316.5476125440097 702.4183516147781 349.4
317.36456624380986 704.8646400011028 349.2
318.5899530788323 709.201242140353 349.2
322.18454701543476 719.7647601701985 348.2
324.8396793973103 726.881235476445 347.8
326.39191736280577 730.8842528350235 347.8
330.3950448313245 741.2253810137216 348.6
332.1923969105763 745.339593298664 349.2
336.0322666798587 752.9008483103657 350.6
337.3394921251306 754.9023569912351 351.2
337.9930969917495 756.0143062564536 351.6
340.52581876341964 760.2397134693399 352.0
343.058521126138 764.6875105349538 352.4
343.6304212850095 765.6882648753885 352.6
345.9588515698367 770.0248670146387 353.6
349.02269530987905 773.9166894468534 354.8
352.7810500651264 778.030901733376 355.8
353.67978497266824 779.0316560722304 356.0
354.66024472501846 779.8100205583575 356.4
358.0100984807962 783.145868358753 356.6
362.0135752431273 787.1488857173315 356.8
363.93360185097123 789.1503943966208 357.0
366.9566302386027 792.1526574163446 357.0
367.97791565759024 793.2646066831433 357.2
370.674118459471 796.0444798485594 357.6
378.6399947318923 806.3856080272575 357.8
385.9928336507608 819.1730245907002 357.0
398.82035533059883 828.9581781359989 356.8
406.8683155994696 833.2947802752492 356.8
409.40084117902023 838.7433316812978 358.0
410.83052352217913 841.4120099203502 358.2
411.81089860547974 842.9687388926039 358.4
413.935100450981 845.6374171332366 359.2
416.5495781990911 847.9725105916173 359.8
418.1019367797738 849.1956547847795 360.2
419.7360400855096 849.9740192724867 360.4
420.5939689724777 850.0852141988504 360.4
426.14997045794667 852.0867228781397 360.4
433.2580334088503 858.6472235494067 361.2
434.27931946859854 859.4255880371138 361.4
435.3414785621873 859.9815626705131 361.6
444.81887724931863 868.5435720210695 362.2
453.68381485312307 872.8801741603196 362.6
456.09409079317055 874.1033183534819 362.8
457.27880637567364 874.6592929868813 362.8
461.0779736078673 877.4391661522974 364.0
465.2041121447385 878.6623103454598 365.4
468.9218334198495 878.5511154190958 366.0
476.60263190226806 875.8824371800434 365.6
478.6863333676379 874.3257082062095 365.4
483.71166403749623 871.3234451880656 365.8
488.9819953787494 869.6555212878679 365.8
492.9858436870624 868.098792314034 365.8
500.1764661904426 864.9853343695263 364.2
500.58501801986 864.8741394415823 364.2
503.1589027409308 864.0957749554555 364.4
508.59257460396304 863.3174104693286 365.4
510.8804375378069 862.983825688657 366.0
514.3528536761584 864.7629445152185 366.6
518.4787834955881 867.9875973876701 366.6
526.1590199641216 871.1010553337578 366.2
531.1024628811513 870.1003009949035 365.6
532.1647148302516 869.6555212878679 365.2
533.472232640907 867.8764024613064 365.0
531.9610792065167 863.65099524842 365.4
531.1849102063292 863.0950206166008 365.4
531.1849102063292 863.0950206166008 365.4
537.7618845158642 868.098792314034 365.6
540.6623072129681 870.1003009949035 366.6
546.0954355317801 874.3257082062095 367.6
548.7916298940082 875.8824371800434 368.4
549.9762983708193 876.7719965925343 368.6
552.7950643403627 878.2175306400045 368.8
561.3740383496162 881.4421835124559 369.2
564.2336025048446 883.3324972653814 369.4
565.2140218660343 883.9996668251445 369.8
567.5835493882461 883.9996668251445 370.6
569.748845054722 883.6660820444729 371.0
577.7154115762667 883.2213023390176 371.4
579.1044579588792 883.1101074110736 371.4
585.191719385672 882.887717558346 371.6
587.9288938543752 883.2213023390176 371.6
591.6058258882299 882.5541327792546 372.0
599.2046974209417 882.220547998583 372.2
600.6345852241734 882.220547998583 372.2
606.0681856532359 881.9981581458553 372.8
619.2641721227272 880.6638190263291 373.2
620.5715259361409 880.4414291720212 373.2
625.5149231790053 879.885454538622 373.6
632.5419433760497 878.7735052734037 373.8
636.423140366174 878.2175306400045 373.8
639.0378226621544 877.9951407856967 373.8
643.204970384557 877.6615560066052 373.6
656.5239461073256 873.2137589409912 373.6
668.9037160405588 865.6525039292894 374.2
687.2885037864974 862.3166561288939 372.8
690.5566943957019 863.3174104693286 371.4
700.1972853197105 870.322690847631 370.6
702.893263366508 873.1025640130471 370.2
707.1005392300507 877.9951407856967 369.8
708.4482977375753 880.9974038054206 370.0
711.0215780789682 884.6668363849076 370.4
711.225706262478 885.6675907253423 370.4
713.3495895163576 889.3370233032492 370.8
721.3559937755728 896.0087189024603 370.8
727.2798466462788 895.6751341233688 371.2
731.7329139018252 895.6751341233688 372.4
734.1431600135343 896.5646935358596 372.6
741.9454038907475 902.2356347946359 373.6
743.987846100681 903.9035586948336 373.8
757.6729522873459 909.9080847327014 374.4
760.2466522033606 910.4640593661006 374.4
766.9873615330581 911.4648137065353 374.6
775.4848283212942 912.1319832662984 374.8
790.9269657166682 915.6902209194218 375.0
794.4402932075657 916.2461955512409 375.4
796.1152581377529 916.4685854055487 375.4
800.4456222422496 917.2469498916755 375.8
803.8363688923994 917.9141194514386 376.4
808.1667662656229 918.4700940848379 376.8
815.5205481185443 917.691729598711 377.4
816.6236327305388 917.4693397444033 377.6
818.9114371946689 917.4693397444033 378.2
822.424887529251 917.2469498916755 378.8
824.9169421359966 917.3581448180394 379.2
827.1230210746218 917.4693397444033 379.6
833.5779163700406 917.3581448180394 380.4
836.2334591724424 917.024560038948 380.6
840.0329975210354 916.1350006248771 381.2
841.2994796272731 916.0238056985131 381.4
842.5251453498528 915.6902209194218 381.6
846.7741884541487 914.1334919455877 382.4
852.1263403120957 912.2431781926624 383.4
853.5562761541042 911.9095934119906 383.4
867.8560092590644 906.4610420075222 383.0
870.8385631652714 905.126702887996 383.0
879.785748491432 903.9035586948336 382.8
883.3808794813875 903.9035586948336 383.6
893.3492366956172 903.6811688405259 384.6
896.0456246459016 903.4587789877983 384.8
909.8957142431244 899.7893464083111 385.4
911.1622623901185 899.3445667012758 385.6
923.9911102724311 895.2303544163334 386.6
925.2168274155072 894.6743797829341 386.8
927.7907420667567 894.007210223171 387.4
932.6934503020262 892.6728711036449 387.8
944.8277958544304 888.6698537434861 388.8
946.2168697458982 888.4474638907585 389.2
955.3275397252665 887.1131247712324 390.2
956.5532200439446 886.7795399905606 390.2
971.71117618143 880.7750139526929 390.4
980.2916531946994 874.8816828396087 390.8
981.1905928501466 874.1033183534819 390.8
982.1712841961025 873.1025640130471 390.8
983.1111219126694 872.1018096741927 391.0
983.8875004233596 871.3234451880656 391.4
986.3803586311129 867.4316227542708 392.6
989.3226375244044 863.4286053956923 393.8
990.466989637466 861.2047068620952 394.4
990.9983557396093 859.8703677425691 394.8
991.5297002198624 858.6472235494067 395.0
993.5324304265531 854.1994264837929 396.2
994.1454405474536 853.1986721449382 396.4
994.6767864960096 851.9755279517759 396.4
998.5181825597986 846.4157816193634 396.6
1004.5658731860397 840.0776708008241 397.4
1005.7101484715815 838.2985519742623 397.6
1004.3213909021551 836.8530179283724 397.8
1001.7479458527934 834.9627041754469 397.2
1001.3802790865063 834.8515092475029 397.2
1001.3802790865063 834.8515092475029 397.2
1005.3023827997367 834.4067295420476 398.4
1006.487291636024 833.7395599822845 399.0
1013.8009110891737 830.292517255525 399.6
1017.8458523546092 828.5133984289636 400.0
1020.501657128151 827.1790593094373 400.6
1033.4531817275247 823.8432115106219 400.8
1045.2610532172926 819.2842195186441 401.6
1051.1039590845844 815.8371767918846 402.8
1055.5982312693118 814.5028376723585 404.0
1057.8861760093052 814.0580579653232 404.4
1061.8901975647395 812.723718845797 405.4
1066.7931854700637 810.6110152401437 406.4
1070.8380193469989 809.4990659733453 406.4
1078.6823507328447 808.2759217801829 406.0
1086.9761579860913 806.7191928063489 405.6
1089.8770236437078 805.8296333938583 405.4
1102.624741582216 800.825861694845 406.4
1103.7687922350253 800.2698870614457 406.6
1111.2460927340016 796.1556747765034 407.6
1115.086970411581 793.7093863901788 408.8
1119.9492681885126 791.0407081495462 410.0
1124.0348848972772 790.3735385897832 410.8
1128.3246265798173 790.3735385897832 411.0
1133.7992542441275 789.9287588843279 411.4
1143.8506693970328 784.8137922573707 411.0
1151.0009586879014 781.7003343112827 410.6
1155.7817818039857 778.1420966597398 410.4
1157.4570579802266 777.1413423193051 410.4
1163.5454498184201 772.693545253691 410.0
1163.6271851754138 772.5823503273272 410.0
1164.2400333000298 772.4711554009634 409.8
1164.1583750769303 772.2487655466556 409.6
1164.0766397026448 772.3599604745996 408.8
1164.0766397026448 772.3599604745996 408.8
1164.0766654172517 772.2487655466556 408.8
1164.0766397026448 772.3599604745996 409.2
1166.0376457316572 772.4711554009634 410.0
1169.2244256284314 772.026375693928 410.0
1176.7412727388548 773.9166894468534 410.0
1184.0537878867763 776.0293930525065 410.2
1194.6756397973631 777.6973169527042 410.2
1208.64688179593 782.256308944682 410.8
1211.1388609331623 782.9234785044451 411.0
1221.59689260742 786.1481313784768 411.8
1225.5597460093716 786.3705212312046 412.0
1232.9133223888934 787.4824704980031 412.2
1234.9153939471837 786.7041060102961 412.0
1236.549719024391 786.1481313784768 412.0
1241.3706304730497 785.9257415241691 411.4
1256.9363338645123 785.7033516714415 411.6
1270.2143705917101 784.7025973310068 411.8
1285.1679394322882 781.8115292392267 412.0
1294.238294805694 779.4764357792659 412.0
1296.8942560100752 777.9197068054319 412.0
1299.5092492349293 776.8077575402135 412.2
1314.3829198455248 767.1337989212786 412.6
1325.7826589808092 762.4636120029369 411.8
1327.253552989209 762.0188322959015 411.8
1343.8426068425424 754.6799671369274 412.8
1348.6642979695405 751.6777041172033 413.0
1353.6493850295076 748.7866360254234 413.2
1368.9716506032282 742.7821099859755 413.4
1381.6374544676955 740.1134317469231 413.6
1388.2150627257731 740.3358215996508 413.6
1389.5223641787604 740.5582114539585 413.4
1401.9417222202746 742.6709150596117 413.2
1412.890600045875 743.6716694000463 413.6
1424.2889420327133 744.4500338861733 414.0
1423.553739712987 743.7828643264102 414.0
1423.798964433053 743.4492795457386 414.0
1423.798932981353 743.5604744736826 413.6
1429.1918328206032 743.4492795457386 413.8
1441.0389736014122 746.3403476390987 413.8
1443.7758147842244 747.8970766113525 413.8
1445.777136258551 749.8985852922219 414.2
1455.4163147321315 758.9053743498137 415.0
1460.807714439138 763.909146048827 415.2
1462.6867166144186 765.0210953156254 415.4
1466.7712658272771 768.2457481880771 415.6
1473.1023376765927 773.1383249607265 416.4
1478.3312651182491 774.8062488593441 417.0
1489.3629847651903 771.6927909132563 417.4
1490.6705041086434 771.1368162814373 417.4
1496.6767605273594 769.1353076005678 417.4
1502.4789133149577 766.5778242878793 416.8
1511.3862110708694 763.4643663417914 416.8
1526.5851785044988 760.3509083957038 417.0
1540.2724294540162 757.5710352302875 417.6
1541.743377901387 757.0150605968882 417.6
1557.6382257339567 749.6761954379141 417.6
1567.6903597063613 743.894059252774 418.0
1570.223720284282 742.7821099859755 418.0
1583.463386022442 734.4424904881467 418.2
1585.8743995941272 732.6633716615852 418.2
1590.2060291794053 729.5499137154974 418.6
1600.7896061689491 722.9894130442303 418.6
1602.9552520195384 721.9886587037956 418.6
1609.248096166891 718.4304210506724 418.4
1621.2617291644478 711.6475305266777 419.4
1623.754405943522 710.0908015528437 419.6
1628.9845364435728 708.0892928735544 420.0
1631.9675538298245 706.3101740469929 420.6
1635.0325730231523 703.6414958079405 420.6
1643.7784216820073 695.079486455804 419.2
1648.0289909166536 690.1869096831547 418.6
1654.2007286408154 682.4032648187252 418.6
1667.7282288906051 669.3934584009749 419.4
1668.872445552514 668.6150939148479 419.4
1672.305097660849 666.2800004548869 419.6
1673.4902084007708 665.3904410423962 419.6
1678.7615204032468 662.6105678754 419.8
1680.0690147680998 662.2769830963084 419.8
1691.8369950558 657.7179911027505 420.4
1695.5145751952477 656.0500672041329 420.4
1700.7049113342182 651.1574904314834 420.0
1709.737105062867 642.1507013723116 420.6
1713.2112934160446 637.9252941610054 420.6
1721.5491334761118 628.4737253963782 420.2
1723.1023464723216 626.4722167155087 420.2
1730.5409695939575 618.2437921440439 420.6
1732.9934062371938 615.130334197956 420.8
1743.9467331557462 603.8996466067673 421.4
1745.8267352038215 602.1205277817859 421.4
1752.6113825633727 594.8928575491756 421.6
1759.6821991734164 587.22040761111 421.2
1763.72783310009 584.7741192247853 421.2
1765.6074202679556 584.2181445913859 421.2
1766.5470384106297 584.4405344441136 421.2
1768.8757333749907 584.7741192247853 421.6
1770.2646538036786 585.3300938581845 421.6
1782.7645694352063 591.3346198960523 421.8
1795.4682605614341 598.6734850550264 421.8
1798.9403255698096 600.6749937343156 422.0
1812.543565830632 605.9011552876367 422.6
1820.3055564572342 607.7914690405621 422.6
1827.250700808001 608.9034183057805 422.8
1841.1818364415544 611.1273168393775 422.8
1851.7627988744673 613.2400204450307 422.4
1858.0130875698712 615.130334197956 421.8
1876.2745231391032 618.4661819983518 422.8
1891.1453000238807 620.6900805303686 421.8
1897.8042928084808 622.1356145778387 421.6
1902.380212224184 622.0244196498948 421.8
1909.8173209379768 618.5773769247155 423.0
1911.6562244496467 617.5766225842808 423.8
1912.4734728885987 617.2430378051894 424.2
1915.8655015456868 614.6855544925008 424.6
1919.2985593617846 611.6832914727769 425.0
1921.7506489935276 609.7929777198514 425.4
1922.9766732611024 608.9034183057805 426.0
1925.2652984159693 607.1242994807991 426.6
1931.6814238817954 602.6765024136049 426.4
1934.7054669119273 600.8973835886235 425.2
1936.2174464587058 600.1190191009164 425.0
1942.9189406018584 597.3391459355003 424.4
1944.022274045742 596.783171302101 424.0
1948.6811783384505 593.4473235032855 423.0
1949.8664411976463 592.335374236487 422.8
1956.2021477033024 584.6629242984213 422.2
1957.264801972098 583.6621699579867 422.2
1961.760908297514 578.7695931853373 423.0
1974.9618444247815 567.7612954484563 423.0
1985.4658216387243 557.9761419031574 422.6
1992.8234815775688 549.1917426982934 422.6
1998.9554216830377 540.518538419793 422.4
2002.0619468364914 536.9603007666698 422.4
2004.351606656518 532.7348935553637 422.8
2006.7641510317765 527.7311218563503 423.0
2009.6674263711589 521.6154008905387 423.0
2012.2024187220695 516.9452139706168 423.0
2013.1019375699539 515.2772900719992 423.0
2015.5974150036109 507.27125535326206 422.8
2015.843269326506 505.49213652670045 422.8
2016.4976939154596 503.7130177001388 422.8
2022.8756769083668 493.0383047423492 422.8
2027.7010692039212 482.47478671092347 422.6
2031.8707009157888 477.026235306455 422.6
2032.4024284611144 475.58070125898485 422.6
2033.0158259037373 474.24636213945865 422.6
2040.1296286794943 462.7932846955422 423.0
2048.2649449042515 451.22901232368173 423.6
2053.9071272210103 441.7774435590546 423.8
2055.910916370379 437.44084141980437 423.8
2064.7412089128215 425.0982045633972 423.6
2070.178111071915 418.20411911145857 424.0
2072.3852510097427 416.2026104305891 424.0
2074.87830519151 414.4234916056077 424.0
2081.0901517257116 410.86525395248447 424.2
2088.079273645425 404.9719228409805 424.2
2092.8609318713657 401.8584648948927 424.2
2109.5768192316405 389.84941281599674 423.6
2122.0427542808097 379.7306744916065 424.0
2136.756076388577 369.27835138654456 424.2
2147.2600230627877 361.2723166693876 424.4
2161.1166215551375 348.0401203989095 424.4
2169.7835596879568 336.47584802704904 423.8
2171.3373286669744 333.80716978799666 423.8
2179.065532279146 320.01899888411936 424.0
2187.731883314791 310.01145548609287 424.2
2189.7346309334484 308.4547265122589 424.4
2203.832549601171 304.5629040800441 424.8
2210.288505373638 303.89573452028105 425.0
2217.725510993443 302.2278106200833 425.2
2227.451393585503 298.78076789490405 425.8
2228.5958302142667 297.89120848083314 425.8
2229.4952136141233 296.7792592156148 425.8
2231.008217046446 293.9993860486185 426.0
2232.685051602945 290.32995346913134 427.0
2233.1760470562017 288.77322449687756 427.0
2235.222193847355 281.54555426426725 428.4
2235.9187197179776 277.2089521250171 429.4
2236.86035067516 272.98354491371094 430.0
2237.5973426667383 269.53650218695157 430.4
2238.252073976395 267.31260365493466 430.8
2241.2367063516203 262.97600151568446 431.2
2242.66736448245 261.6416623961583 431.6
2247.9394630645666 258.75059430279816 432.6
2249.410386972916 258.75059430279816 432.6
2254.270964557063 262.4200268822852 432.6
2264.274409896992 277.98731661272416 432.8
2275.26026192685 289.4403940566406 432.8
2283.3061067770864 296.7792592156148 432.8
2284.9810606681417 297.33523384901406 432.8
2285.9208608978724 297.2240389210701 432.2
2285.9209113886577 297.1128439947062 432.4
2285.961618599592 297.44642877537785 432.0
2285.9611136827034 298.5583780421764 432.0
2286.69621626586 299.3367425283033 432.2
2286.7370749339552 299.3367425283033 432.2
2286.7370749339552 299.3367425283033 432.2
2292.332484628029 304.2293193009527 433.4
2299.888130506556 311.2345996792552 433.6
2301.848782667469 312.45774387241755 433.6
2308.017558819303 314.34805762534296 433.4
2310.59103480023 315.68239674486915 433.4
2319.3305605917135 324.80038072882473 433.2
2323.292548431286 327.58025389582104 433.6
2329.338774174607 329.35937272238266 434.6
2331.4223478334166 329.80415242783795 434.8
2337.426625419501 333.9183647143605 435.6
2339.5095247028275 335.8086784672859 436.0
2343.062288194137 339.9228907538084 436.6
2346.7372579482867 344.81546752487765 437.2
2349.4330753709773 346.59458635143926 437.2
2358.6248869518645 349.37445951843563 437.8
2361.4844958434396 350.3752138572902 438.0
2366.632113082774 351.48716312408874 438.4
2373.12810224576 352.48791746452343 438.8
2374.47631916091 352.7103073172511 438.8
2386.570198537221 353.0438920979227 439.6
2390.778332411735 353.5998667297418 439.8
2397.7237015018545 354.71181599654034 440.4
2401.441587223864 355.15659570357576 441.0
2407.610486358877 356.60212974946575 442.2
2414.6776754742727 359.27080799009826 443.2
2419.130950101325 359.82678262191735 444.0
2420.438625619718 359.38200291646206 444.4
2421.623673327129 359.0484181357904 444.8
2422.9312957500865 358.714833356699 444.8
2424.361332264688 358.714833356699 444.8
2432.163258110887 362.82904564164136 444.0
2438.412024067437 368.0552071949624 443.2
2440.5349746941943 371.50224992014165 441.8
2441.1884344057303 372.05822455354087 441.6
2442.617280168159 374.50451293986566 440.6
2445.188367288833 380.62023390567737 439.4
2450.372625534494 390.29419252303217 438.4
2457.070232503935 396.6323033415716 438.2
2458.540681687383 397.52186275564253 438.2
2462.2985180777346 399.74576128765943 438.2
2471.610723784066 406.63984673959806 438.2
2473.897831474446 408.5301604925235 438.2
2474.0609347151003 409.19733005228665 438.0
2474.34699380404 409.08613512592274 438.0
2474.510424913297 409.08613512592274 437.8
2474.9187293527248 409.64210975932207 437.6
2475.245482187096 409.8644996120497 437.6
2475.4087492384047 410.1980843927214 437.8
2475.490464775056 410.1980843927214 437.8
2475.612983397816 410.30927931908514 437.8
2475.5720709492243 410.420474245449 437.8
2468.914818114049 405.1943126937081 437.6
2453.721512425854 393.2964555427562 437.8
2448.290060835318 387.8479041367075 438.0
2445.554306776562 384.28966648358426 438.2
2442.371052872243 376.7284114718825 439.2
2441.5143283163734 374.0597332328301 439.4
2441.2289150286065 372.8365890396678 439.6
2439.922534605021 370.6126905076509 440.2
2439.0241953683644 369.5007412408524 440.6
2436.4105686335743 366.8320630018 441.8
2434.9404292683266 365.27533402796604 442.2
2433.59313219675 363.162630422313 442.8
2428.733587348214 357.8252739426281 444.0
2428.2843617653784 357.38049423559266 444.0
2426.160003468829 356.8245196037736 444.2
2414.6788488550073 356.8245196037736 444.4
2406.8760487989475 354.4894261438127 442.8
2403.8533369322977 352.8215022436149 442.2
2402.546404119897 351.7095529768163 441.6
2397.9307997643605 348.81848488503636 441.4
2396.378344432697 348.4849001043647 441.0
2393.7226626824063 348.26251025163714 440.6
2387.1036755125965 348.1513153252733 440.0
2384.325471020534 347.8177305446016 439.8
2378.1155385628763 346.7057812778031 439.4
2368.024640915613 344.37068781942236 438.8
2360.4668977013935 342.1467892858253 438.4
2354.5023629854463 340.4788653856275 437.8
2348.906535212503 336.6982378797767 437.6
2344.332624952131 331.9168560350712 437.4
2337.7570554079157 326.2459147762949 436.6
2335.918683150782 325.68994014289564 435.8
2326.7266615962903 323.24365175657096 435.0
2325.1747585968096 321.686922782737 434.8
2323.091950706834 319.5742191770838 434.8
2320.5188388163288 317.46151557143077 434.6
2311.942175080762 309.5666757790574 434.0
2304.874658062377 307.3427772470405 433.8
2303.2405683066922 306.78680261364127 434.0
2298.0122907892687 303.228564960518 433.8
2296.9511331336635 300.67108164782945 433.8
2297.155477158817 300.55988672146566 433.6
2297.114618500649 300.55988672146566 432.8
2296.9103252100995 300.55988672146566 432.6
2296.8694665519315 300.55988672146566 432.4
2294.9898668958126 300.7822765741933 432.4
2294.908098893896 300.8934715005571 432.6
2294.867240238435 300.8934715005571 432.6
2294.867290926868 300.7822765741933 432.8
2294.826482958035 300.67108164782945 433.0
2294.989917586952 300.67108164782945 433.0
2295.275877490063 300.7822765741933 433.6
2295.275826792605 300.8934715005571 433.8
2294.3762775646305 302.3390055480273 433.2
2294.1310243580247 302.5613954007549 433.2
2293.722387276059 302.6725903271187 433.2
2293.477184772472 302.7837852534825 433.2
2286.942328027767 297.2240389210701 434.0
2282.040747550156 293.9993860486185 433.8
2276.118647561952 288.6620295705137 434.0
2275.3428337930536 287.5500803037152 434.0
2271.0140119392163 282.6575035310658 434.0
2263.7862038686076 273.3171296928024 434.0
2262.234465869377 271.3156210135132 434.2
2249.941454548526 258.9729841555258 434.0
2246.1824269486383 258.9729841555258 434.0
2244.7930227687725 259.41776386256123 434.0
2241.0334510130083 260.64090805572357 434.0
2237.5990230525317 265.7558746811007 433.2
2236.7405900666495 266.64543409517154 433.0
2234.042222747178 270.4260616010224 432.6
2232.9367636434617 275.5410282263995 431.4
2231.9138131833897 278.87687602521487 431.0
2230.973025183418 281.2119694851758 430.4
2229.5409475936353 285.7709614771536 429.4
2228.068899684101 288.3284447898421 428.8
2227.087256491162 290.66353824980297 428.0
2226.105761716509 292.6650469290922 427.8
2220.711429377265 294.8889454626893 427.4
2210.0467218149734 296.2232845822155 427.0
2209.433792613736 296.3344795085793 427.0
2208.861966074708 295.8896998015439 426.8
2209.0247177662886 297.44642877537785 426.6
2205.0606949051144 299.1143526739955 426.6
2199.5851473055677 300.22630194079403 426.4
2193.8642079261062 301.8942258409918 426.2
2190.717704980194 302.7837852534825 426.2
2180.786213486529 309.34428592632975 426.2
2169.1761462092013 323.79962638997023 426.2
2165.210100821654 330.2489321348734 426.0
2163.77910035412 332.47283066847046 426.0
2159.200288886382 338.6997465606461 426.2
2155.684423478367 343.4811284053515 426.4
2149.38949018376 349.9304341518349 426.4
2148.2043634708707 350.486408783654 426.4
2146.3650783649664 352.04313775748795 426.4
2136.677994206135 360.7163420359883 426.0
2133.285682342471 363.2738253486768 426.2
2128.3810120206726 367.2768427072553 426.4
2114.935094595931 375.8388520593918 426.2
2102.75609887867 383.7336918517652 425.8
2090.453874977142 393.2964555427562 426.2
2080.3583881132477 401.96965982125647 426.4
2074.1867475183512 407.0846264466335 426.4
2068.178459103265 412.42198292473824 426.4
2063.558935233536 418.7600937448578 426.0
2062.822995447436 419.9832379380202 426.0
2061.8011888914843 420.8727973505109 426.0
2055.301775823944 428.32285743584885 426.0
2048.474933279519 437.2184515670768 426.2
2039.522174556312 449.44989349870036 426.2
2032.163973280765 459.0126571896913 425.4
2025.4596508752968 468.24183610159093 425.2
2021.2066970834098 477.69340486621815 425.2
2016.6674028755565 488.03453304333595 425.4
2016.013154317464 489.36887216286215 425.6
2013.9686520502744 493.4830844493847 425.4
2013.23269075147 494.81742356891084 425.4
2009.8395552194374 499.8211952679241 425.4
2005.7918283141817 507.0488655005344 425.4
2005.3415155980522 509.2727640325513 425.4
2004.3586904875576 514.9437052913275 425.6
2003.743977778587 519.6138922112494 425.6
1999.4915497421118 527.953511709078 425.4
1995.9761003044441 532.401308774692 425.0
1993.8501826259899 535.8483515014515 424.8
1993.2368911140086 536.9603007666698 424.8
1986.0841978639571 543.9655811465525 425.2
1983.3046291713447 547.3014289453679 425.2
1979.298709495693 552.3052006443811 425.4
1976.4379606150944 554.3067093236704 425.4
1972.1462316787931 558.8657013156482 425.6
1965.0759195815617 564.3142527216969 425.6
1960.7438727118501 567.5389055941484 425.4
1954.9809482517342 573.0986519265609 425.6
1950.1970393246606 582.6614156175519 424.6
1948.7666790060507 583.6621699579867 424.6
1944.597526150796 588.3323568763283 424.8
1936.5057927223183 594.0032981366849 426.0
1934.0945461244053 595.8936118896103 426.4
1928.4962585704218 598.4510952022988 427.2
1925.390503814112 600.2302140288604 428.0
1923.5514637685792 601.5645531483866 428.2
1918.0346036880087 604.900400947202 428.0
1916.7676807985001 605.9011552876367 427.6
1912.8852873488447 608.6810284530528 427.2
1905.8564706180264 612.7952407395754 426.2
1904.303601389155 613.6848001520661 425.8
1902.3012314630737 614.7967494188647 425.6
1899.5634526450472 615.9086986856631 424.8
1892.6177068337693 616.4646733174823 423.8
1888.491408183583 616.0198936120271 423.8
1886.1628605940973 615.352724052264 423.8
1884.9373024088602 615.0191392715923 424.0
1876.1534882955027 614.3519697118292 425.0
1874.9685368165224 614.6855544925008 425.0
1866.0209665902391 614.9079443452285 424.8
1855.3995263846282 611.7944863991406 424.4
1846.7801879253286 608.2362487460174 425.0
1843.9206232359284 607.235494407163 425.0
1840.8975107081603 606.5683248473998 425.2
1837.9559067431885 606.4571299194558 425.2
1825.0055875924718 603.454866901312 425.4
1806.7851991844113 599.3406546147895 425.0
1792.8958224712217 594.4480778421402 424.4
1781.0088895057609 588.1099670236007 424.4
1778.0678232963294 586.4420431234029 424.4
1765.3629840498008 582.2166359120966 423.8
1763.6877169582494 582.6614156175519 423.8
1758.00755557603 585.8860684915837 423.8
1753.2257756973431 590.4450604835616 423.8
1747.542927660593 601.4533582204425 424.0
1738.7964326839567 610.9049269866499 423.8
1728.4985092394495 617.2430378051894 423.2
1717.913708722124 626.2498268627811 422.8
1716.1973011849134 627.5841659823072 422.8
1712.3142409059171 632.6991326076843 422.8
1704.9573053895656 641.1499470334569 423.0
1691.6749920140126 653.4925838914443 422.6
1680.3566009125213 657.4956012500229 422.6
1667.4851576097483 663.1665425087991 421.8
1661.3144400154329 667.7255345007769 421.6
1656.4923356656718 671.1725772275364 421.2
1645.2524526404488 685.1831379841414 420.6
1637.936742724738 693.0779777765148 420.4
1630.4987056271093 700.305648007545 421.6
1629.3136107002329 701.1952074216158 421.8
1621.3861217502022 705.9765892663212 421.8
1610.0265868402837 711.4251406723699 421.0
1607.2072144923536 712.5370899391684 420.4
1597.4001394250067 718.2080311979448 420.4
1583.384264032573 726.214065916682 420.6
1573.0867720545468 732.5521767352213 420.2
1562.0945967603334 739.4462621871601 420.0
1553.677314394644 743.1156947666472 419.6
1542.9308641366974 748.2306613920241 419.4
1539.988928153632 749.4538055851865 419.4
1532.674661656974 753.456822943765 419.2
1521.6026253260984 754.5687722105636 418.4
1507.6700802976297 757.904620009379 418.6
1497.4141987547546 762.241222148629 418.8
1485.7284470467923 766.4666293615155 419.0
1470.6938848991845 766.3554344351517 418.8
1465.2203994025626 762.6860018556646 418.2
1461.3406035670496 757.7934250830151 417.6
1455.7044216313582 751.5665091908396 417.2
1455.0100152359764 751.1217294853843 417.2
1454.0704786884678 750.6769497783489 417.0
1452.6001798322573 749.009025878151 417.0
1452.5593248137977 749.009025878151 416.8
1448.2708915563403 744.3388389598094 416.6
1442.0621653446942 740.0022368205593 416.0
1436.9558185238295 738.1119230676338 416.0
1421.7580642436124 736.8887788744714 416.0
1408.1536525195324 735.6656346813091 415.6
1402.6790965245855 735.5544397549453 415.6
1394.2222698973203 734.8872701951822 415.2
1381.72026344575 736.1104143883446 415.6
1366.1943509315138 739.6686520398877 415.8
1362.1085105305456 740.8917962330501 415.8
1356.55164970797 743.0044998402833 415.6
1352.5065200302618 744.7836186652647 415.6
1341.3927011743467 749.4538055851865 415.0
1338.9819003631528 750.7881447047126 415.0
1327.1737487898633 754.7911620632913 414.2
1317.7759118476936 759.3501540568491 414.4
1303.187965416594 769.9136720882749 414.8
1288.6831561522172 775.1398336400158 414.4
1270.6248265237668 777.1413423193051 414.6
1258.000418492216 778.2532915861035 414.2
1257.019903746712 778.2532915861035 414.2
1253.7106941752174 778.1420966597398 414.0
1244.8451239922388 778.4756814388311 413.6
1230.6681078047454 780.143605339029 414.4
1214.3266575358157 778.2532915861035 414.2
1201.6623655737405 775.3622234927434 413.0
1198.557585763804 774.5838590066164 412.8
1191.8575810832438 773.8054945204896 412.8
1188.8753107425987 773.2495198870903 412.8
1180.827536903679 770.5808416480379 412.8
1169.9198881374675 768.0233583353495 412.4
1168.1631289814493 768.0233583353495 412.4
1162.8521764622526 767.2449938476424 411.8
1162.7296375358646 767.1337989212786 411.8
1162.402798565324 767.1337989212786 411.2
1162.402798565324 767.1337989212786 411.0
1162.3619436939703 767.1337989212786 411.0
1162.3210888227616 767.1337989212786 410.8
1162.3210888227616 767.1337989212786 410.8
1162.3210888227616 767.1337989212786 410.8
1162.8113472784273 767.1337989212786 410.8
1163.2607508628844 767.1337989212786 410.6
1163.3015800367823 767.2449938476424 410.6
1163.3015800367823 767.2449938476424 410.4
1163.3015800367823 767.2449938476424 410.4
1163.3015800367823 767.2449938476424 410.4
1156.9680783780434 771.5815959868926 411.6
1146.2216868634284 778.4756814388311 412.0
1144.9959170198376 779.0316560722304 412.0
1141.155038819204 781.3667495321914 412.2
1139.1936833960053 782.8122835780814 412.4
1136.7012677989014 784.0354277712438 412.8
1134.004755144531 784.4802074782791 413.0
1126.6506298829518 785.7033516714415 413.2
1117.6214156808358 787.1488857173315 412.4
1114.7207313515653 787.1488857173315 411.8
1105.0380432981246 787.7048603507308 411.2
1100.707177173463 788.9280045438932 411.8
1095.5183163784652 790.3735385897832 411.8
1089.5942189024815 791.1519030774903 411.8
1074.9682922529873 790.9295132231824 411.8
1073.9059994519089 791.263098003854 411.8
1064.5504904142558 790.2623436634193 410.8
1053.8056620713585 790.4847335161469 411.0
1036.5244064392075 789.1503943966208 411.6
1026.3113227414765 786.2593263048408 411.6
1013.9332620848934 781.7003343112827 411.4
1011.236937734828 781.2555546058275 411.2
1009.7253786520154 780.9219698251559 411.0
1002.5761722567725 779.0316560722304 410.8
1001.0645677049109 778.9204611458666 410.8
998.0004595312035 778.9204611458666 410.8
993.0569658674012 779.2540459265382 410.6
989.584222727175 779.6988256319935 410.6
976.7957520896784 784.4802074782791 410.2
975.488142128142 785.8145465978052 410.2
971.0333689044076 794.1541660956341 410.0
967.1085663907148 808.4983116329107 410.4
964.7781102542085 817.6162956184464 411.0
962.3263111055129 820.3961687838625 411.2
951.1303248465683 830.292517255525 411.6
945.6146730867544 831.960441155723 412.2
941.7745102712122 831.182076669596 412.8
940.5489212810337 830.9596868152881 413.0
935.4015827186915 829.2917629150904 413.2
927.9257460470401 826.5118897496743 413.6
926.7002781349254 825.6223303371835 413.6
918.89842810505 818.2834651782094 413.8
910.1567205082517 811.94535435967 414.0
906.8477858479092 810.388625385836 414.0
905.7041793977535 808.6095065592745 413.8
904.8056594587785 807.0527775870205 413.8
890.5490552592487 797.823598675121 412.4
888.751510779647 797.4900138960296 412.2
878.9463425474858 797.823598675121 411.6
863.7071105487992 800.4922769141734 411.2
850.1840687345142 801.493031254608 411.2
848.7541579989982 801.493031254608 411.2
841.7274284147145 799.9363022823543 411.2
840.5427005709988 799.6027175016826 411.2
838.1732999585902 798.6019631612479 411.4
830.6974741072693 795.1549204360688 411.6
827.0207205794432 794.1541660956341 411.6
819.2586986504057 791.9302675636171 411.2
817.7880208540673 791.3742929302177 411.0
806.3901010490034 788.0384451314023 411.0
798.9138318335426 787.1488857173315 412.2
794.0928709376542 787.8160552770945 413.0
791.7642752726505 787.0376907909676 413.0
788.7821950980681 785.0361821116784 412.8
784.0026424425931 782.1451140183183 411.0
779.9993077518185 779.3652408529022 410.6
766.2319435482568 774.8062488593441 410.0
765.0881103005464 774.139079299581 410.0
754.8747401923654 771.9151807675642 409.4
751.6883455401243 770.0248670146387 409.4
748.5835424667099 768.9129177478402 409.2
745.8464647661815 767.5785786283141 409.0
739.7592855748767 766.2442395087878 408.8
728.157159559019 761.6852475152299 408.8
722.1112541675959 757.3486453775598 409.2
721.2129232002931 754.0127975771643 410.4
719.9875919569656 751.7888990451473 411.6
719.5791055805136 751.3441193381119 411.6
719.1297641287447 750.8993396310765 412.2
719.0889091257727 750.8993396310765 412.2
713.7784209553065 746.229152712735 412.4
710.5511709432328 744.1164491055016 412.6
704.832272430878 738.3343129203615 413.4
703.2391718859498 736.5551940937999 413.6
697.8058263550847 733.7753209283837 413.8
690.77807051366 738.6678977010332 413.8
684.3627007446182 746.896322272498 414.0
680.8482201684589 753.9016026508006 413.0
679.9492003552999 755.4583316246345 412.6
679.1727609613225 756.9038656705244 412.4
672.0222680950155 763.4643663417914 411.6
669.2440017677161 764.4651206822261 411.4
663.0340580360373 764.4651206822261 410.4
657.8457046065473 762.7971967820284 409.4
656.9061578457681 761.9076373695377 409.2
648.4501647558102 754.346382357836 409.2
647.0612671257727 753.0120432383097 409.2
636.4401236189494 743.894059252774 409.0
627.2892968908476 738.2231179939977 408.4
624.3478258045521 737.4447535078708 408.2
621.3655673195791 736.1104143883446 408.0
615.1560370363694 732.4409818088575 407.4
613.6036632167537 731.4402274684229 407.4
608.8646662860045 729.772303568225 407.2
606.3726345858156 728.6603543030067 407.2
604.1257729753756 727.2148202555366 407.2
594.2393145252947 722.9894130442303 406.6
585.7826313744528 719.9871500245064 406.2
582.8001978348669 719.9871500245064 406.0
574.0166859503578 716.7624971520547 405.8
572.1374947252104 715.4281580325286 405.8
567.7661416356241 713.9826239850585 405.8
559.5135682430408 712.2035051584968 405.4
550.2398609757661 708.0892928735544 406.4
543.0089917092755 703.1967161009051 407.0
541.5382813977186 702.4183516147781 407.2
538.5968118202608 701.3064023479795 407.4
531.5292023773386 697.7481646948563 407.8
528.4652782658275 695.5242661628395 408.0
523.9305776534649 693.0779777765148 408.0
519.1915837035083 690.7428843165538 408.0
516.1685623960041 687.9630111511377 408.0
514.3710788574163 686.4062821773038 408.4
508.1614653813867 682.1808749644174 409.6
507.3853105976521 681.1801206255628 409.6
505.95561156543255 678.7338322392382 409.6
504.56690050045944 674.9532047333873 409.0
504.32176678365556 674.9532047333873 409.4
504.28088888537366 675.1755945861149 409.2
504.28088888537366 675.1755945861149 408.8
500.07300328690724 672.7293061997902 409.0
489.9414653602536 665.9464156757955 409.4
487.40893998657737 660.4978642697469 409.6
487.1232403580032 657.4956012500229 409.8
487.2463565564966 651.8246599912466 409.2
487.2463780825737 651.6022701385189 409.2
487.36895627528764 651.4910752105749 409.0
487.6958566193477 650.9351005787559 408.8
487.3690101040172 650.9351005787559 408.4
487.40985515182143 651.0462955051196 408.4
486.87872957610557 651.0462955051196 409.0
486.87872957610557 651.0462955051196 409.6
486.5927496301439 650.9351005787559 409.6
480.6280236798506 648.6000071187949 410.6
479.36155637875606 647.9328375590318 411.0
476.747056505463 645.0417694656717 411.0
473.6833272273998 640.1491926930223 410.8
470.2518261922321 635.9237854817161 411.0
466.2074592410342 631.9207681215574 411.2
465.2679877874156 629.5856746615965 411.2
458.65000670980606 622.0244196498948 411.0
452.1955300771704 613.3512153713945 410.8
449.25469329761563 604.3444263138027 410.6
445.08816785323836 595.2264423298471 410.8
444.39371930126754 594.0032981366849 410.8
440.43130258140246 586.6644329777107 411.2
437.5310052862426 580.8822967925705 411.6
435.03915992005017 576.3233047990126 411.4
431.48528996722405 568.8732447136747 411.0
429.1977726496964 563.6470831619338 410.8
427.97217149899416 562.5351338951352 411.0
423.641753432757 558.0873368295213 411.4
417.79981793820593 551.4156412318904 411.0
414.89966679030226 543.2984115867894 411.0
413.3474322101487 539.4065891529945 411.4
412.28523035614586 538.5170297405037 411.8
410.3650729698009 537.1826906209776 412.4
409.5072533450727 535.0699870137444 413.0
409.22141876814 533.0684783344551 414.0
409.05837118130773 528.3982914161135 414.4
407.6287790467643 523.5057146434641 415.4
405.7905166509662 519.836282063977 416.8
404.76930033030453 517.2787987512885 418.0
403.78892205332045 514.9437052913275 419.2
403.70723496919663 514.6101205122362 419.4
403.7073687304703 512.9421966120383 419.6
403.50330688121954 510.1623234466222 419.8
403.33997705562143 508.9391792534598 420.2
403.1357901738954 507.7160350602975 420.6
402.80926356915046 503.601822773775 421.8
402.15593338002844 498.82044092748936 422.4
402.5648239874197 494.81742356891084 422.8
403.7499558185013 491.37038084373165 423.8
403.83172355824894 490.7032112839686 423.8
404.07693765181455 489.81365186989757 424.0
405.4666798700313 482.36359178455973 423.8
403.26062360558785 479.47252369277976 424.6
403.13807870181165 479.1389389121081 425.0
402.89307783896714 477.35982008554646 425.6
403.1792119864092 475.6918961869288 426.0
406.48881875781234 473.5791925796956 427.2
407.42858059444796 473.02321794629626 427.4
409.34941425543013 466.3515223486654 427.2
408.53259286498155 462.34850498850676 428.4
410.0035750188119 460.9029709426167 429.2
410.820767526021 460.3469963092175 429.6
411.8833682475664 456.56636880336663 430.6
412.57813528874806 454.2312753434057 430.8
412.70092630416127 451.56259710435336 431.6
412.5784451388853 450.45064783755487 432.0
411.067110233483 445.6692659928494 432.4
409.18841631692794 436.4400870809499 433.0
407.10504068866317 431.99229001533587 434.4
406.8191813246147 430.21317118877425 434.8
410.0061923129244 428.7676371428843 435.4
411.68143647366793 427.7668828024496 435.8
412.4578042460887 426.8773233899588 436.2
413.8879950979918 424.7646197827256 436.8
415.3182697135974 421.65116183663775 437.8
414.99145414345344 421.09518720323854 438.2
414.41958393330174 419.42726330462085 438.8
413.68432820440023 417.2033647710238 439.2
412.70400749230134 413.9787118985722 439.2
410.824968986056 408.8637452731952 439.4
410.7439520191927 400.3017359210587 439.8
409.8454505129209 395.7427439290809 440.2
409.1510020188568 394.07482002888304 440.4
404.53472957324914 385.73520053105443 439.8
405.0663036586931 380.5090389777334 439.8
405.7610421784378 378.618725224808 440.2
409.1524931918611 375.727657133028 441.4
411.31806967630905 374.50451293986566 442.4
411.3589731648994 373.94853830646633 442.8
411.195613575318 373.0589788939756 443.0
410.95061946794186 371.16866514105016 443.6
410.2153460935251 369.0559615338169 444.8
409.64338695227906 368.38879197405385 445.0
407.19209836524385 365.94250358772916 445.2
404.3731912515855 362.1618760818783 446.0
403.7604794082372 360.160367402589 446.6
403.8831342202842 359.1596130621543 446.8
404.0466294225573 358.38124857602736 447.2
404.4147282962933 353.7110616576858 448.2
404.37398618308356 352.2655276102156 448.2
405.68205914132454 344.70427259851385 449.6
405.72298913380604 343.81471318602314 449.6
404.37508479587575 338.5885516327021 450.8
404.0482893967124 337.6989922202114 451.2
402.41468398491565 328.5810082346756 451.4
404.41707759956046 324.4667959497333 452.0
404.78500047460483 322.0205075634086 453.2
404.70336395799 321.01975322297386 453.8
404.00897483734326 318.46226991028533 454.6
402.7016803230147 316.2383713782684 455.6
402.08893557877707 314.5704474780706 456.2
402.0482102397423 312.90252357787284 456.4
401.394703826528 310.01145548609287 456.6
400.94536570285067 308.6771163665667 457.0
400.9864191468353 306.230827980242 457.6
402.98902520667053 299.5591323810309 458.8
403.6841040214871 293.5546063431632 459.8
405.31864062432686 291.21951288320224 460.8
405.4822636395044 288.88441942324135 462.0
404.70617974913705 285.99335132988125 463.2
405.0331304759485 284.9925969910267 464.2
405.07403399614594 284.4366223576274 464.4
406.05479740130073 282.546308604702 465.6
406.54522876804054 280.989579630868 466.0
406.7496306624103 279.6552405113418 466.6
406.09607778143436 277.3201470529611 467.8
406.21870815606763 276.652977493198 468.4
406.83176167121223 274.5402738859648 468.6
406.8318245727925 273.76190939983786 469.0
406.9546528819001 270.64845145375006 470.2
407.11825933821103 268.535747848097 470.8
407.44518467942 267.86857828675375 471.2
409.03889049159824 265.31109497406516 472.2
409.0391163583688 262.53122180864904 473.2
408.79414314287845 260.30732327505194 474.4
409.32549076526425 258.0834247430351 475.4
409.40765186768994 252.6348733369864 476.4
410.0614962507853 251.411729143824 477.0
410.59282723330705 249.41022046453477 477.6
411.36930408908387 247.51990671160934 477.8
414.10692705177786 246.74154222548242 478.6
416.0681727979909 246.6303472991186 479.8
419.7047435690219 245.29600817801227 480.6
421.2573803174384 245.40720310595626 481.0
422.97343473187505 245.74078788504772 482.2
425.7110228446357 245.40720310595626 483.4
426.7325287648147 245.07361832528463 483.4
429.22520931500054 241.84896545283303 484.4
430.4511259673401 240.18104155263524 484.8
431.8813201622041 238.73550750674525 485.0
434.087896966564 236.6228039010921 485.8
434.86437501098305 234.8436850745305 486.0
436.74414862951625 231.95261698117037 486.8
438.297156988511 227.83840469622803 488.2
437.97062157810615 223.94658226243314 489.4
437.2356470649526 218.27564100365683 490.4
437.1540153131344 217.2748866648023 490.6
438.1350264197424 212.82708959918835 491.6
439.60648807015866 206.82256355974036 492.4
440.87325664626593 205.37702951385037 492.8
441.8131699277272 203.70910561365258 494.0
443.7746878957847 200.70684259392863 495.4
444.1426977892007 197.59338464784085 496.6
446.02262856038783 193.14558758222685 497.6
447.41210951137526 190.2545194888667 498.8
446.8810537615414 188.92018036934053 499.4
444.87902355030064 187.919426030486 500.0
441.1610850438201 184.69477315803437 500.4
438.178634374615 181.24773043127496 501.0
438.21949400099214 181.24773043127496 501.2
437.85180571717893 180.6917557978757 501.4
436.46261682427763 180.2469760908402 501.6
436.46260718407126 180.35817101878422 501.2
436.46259754386506 180.46936594514804 501.2
436.6259974998138 180.9141456521835 501.2
436.7077167581281 180.9141456521835 501.4
437.3614708250774 180.9141456521835 501.2
437.9743942837354 180.58056087151186 501.4
438.301271338942 180.58056087151186 501.2
438.4647098665452 180.58056087151186 501.2
438.54642913027436 180.58056087151186 501.2
438.7915869216067 180.58056087151186 501.2
439.52702146418216 181.02534057854731 501.4
439.52702146418216 181.02534057854731 501.4
439.52702146418216 181.02534057854731 501.4
439.52702146418216 181.02534057854731 501.6
438.99583660034926 181.13653550491114 501.4
439.036705924691 181.02534057854731 501.4
439.28185399203215 181.13653550491114 501.4
439.28183458707815 181.35892535763878 501.2
439.3634664996338 182.35967969807348 501.0
439.4859579890728 183.360434036928 500.8
440.1396922956379 183.58282389123582 501.4
442.42767396561754 185.36194271779743 500.4
443.3673270940478 186.69628183732362 500.0
444.2252900163996 187.69703617617816 499.6
446.9624273648359 192.8120028031354 499.0
445.98143411388594 196.9262150880777 497.6
442.9984558393848 199.59489332713008 496.6
439.5659781681995 202.81954620116187 495.4
439.034698632124 204.04269039274405 495.2
438.9120233641055 205.15463965954257 494.6
438.4624824473743 206.1553939999773 494.0
437.1136387118092 211.7151403323898 492.8
435.96920054804247 216.05174247163995 491.8
435.7239289963726 217.38608159116612 491.4
436.622352134916 222.9458279235786 490.6
436.8670157517289 228.61676918235494 489.4
436.5808853423987 229.9511083018811 489.0
434.7418646527661 234.06532058682345 488.0
433.02555836336415 236.6228039010921 487.0
429.1027266889127 240.73701618603448 486.0
428.3263367349281 241.5153806721614 486.0
425.34351636682317 242.73852486532374 484.6
422.7693353125544 243.40569442508684 483.6
421.3392567362992 243.51688935303082 483.0
419.70487335197646 243.73927920575846 482.4
416.88551124947514 244.74003354619316 481.2
414.31125913080143 246.29676251844697 480.2
411.98224501609457 246.85273715184624 479.4
410.6747177243173 247.2975168588817 478.8
409.6531680785181 248.1870762713724 478.4
408.6723244181705 250.96694943678858 477.8
407.977522141007 253.41323782311332 477.4
407.2009035624672 257.08267040260034 476.8
406.9145938900628 260.7521029820874 475.6
406.50568084414357 264.75512034066594 474.6
405.64744580609926 267.2014087269907 473.2
404.5439956000779 270.4260616010224 472.0
404.5028418588895 274.0954941789293 470.8
403.93060351331854 276.7641724195618 469.8
403.68527207681217 278.9880709515787 469.0
403.6443151725301 280.2112151447411 468.6
403.0720957825009 282.6575035310658 467.4
401.8869064273437 286.215741184189 466.0
402.29533422908446 288.2172498634783 465.2
402.9081355097411 289.218004203913 464.6
403.6433255464336 292.55385200272843 463.2
402.2539157240744 295.2225302417808 462.2
401.681787437029 296.55686936130695 461.6
401.51823738242445 298.0024034087771 460.8
401.96729219383906 302.89498017984636 459.6
401.72182979896246 306.78680261364127 459.0
401.353925030234 309.0107011456581 458.4
399.0246593242834 313.1249134321806 457.4
396.4911923873512 316.1271764519046 456.2
395.6739430954656 317.12793079075914 455.6
394.9792609509642 318.2398800575577 455.0
392.93604012964835 322.0205075634086 453.8
391.66919354660877 325.02277058313257 452.6
391.4645294438111 329.80415242783795 451.6
392.5674726879265 332.8064154475619 450.8
393.2211028053619 334.1407545670881 450.4
396.08048115873305 343.14754362626 449.0
401.59520018547346 357.60288408990044 448.6
402.8615372825903 360.9387318887159 448.0
404.6997525896299 365.94250358772916 447.0
406.2929413596015 369.38954631448854 446.0
407.43676115682916 371.9470296271771 445.0
408.29471768110284 372.725394113304 444.8
409.23432679769024 374.28212308555777 444.6
408.2127580867174 375.727657133028 444.2
407.15040387135093 376.2836317664273 443.6
404.7396183835448 378.2851404457165 442.6
402.20602979571794 383.1777172183659 441.2
402.0014645940339 386.62475994354514 440.4
407.0670603434332 396.409913488844 440.8
409.0277687877321 402.1920496739841 440.8
408.78183623944136 411.8660082929191 440.4
409.02685628190727 413.42273726517294 440.2
413.07093333745337 423.652670515927 439.6
411.47732103372556 425.6541791967965 438.6
408.0041510276685 428.9900269956119 437.4
406.7375290022501 429.4348067026474 437.2
404.3676803152792 430.7691458221735 437.0
403.6320116860371 433.66021391395356 436.4
403.7134860719917 436.66247693367745 436.0
404.04012338455914 439.4423501006738 435.2
405.71481614850404 445.22448628581395 434.2
407.0625286794439 452.45215651684407 433.4
407.22583245062674 454.0088854906781 433.0
407.9196966483241 462.7932846955422 432.0
406.9797890141141 465.1283781555031 431.0
407.30653063512966 466.57391220139306 430.4
407.8781726069606 471.021709267007 428.8
407.71461742653185 472.578438240841 428.6
407.55107134941517 474.023972286731 428.4
408.245328988425 477.91579471894573 428.2
407.2647287524896 478.24937949961736 427.8
405.7529848741804 478.58296427870886 427.4
402.9745964598185 479.80610847187114 426.8
403.2194368560629 483.586735977722 426.4
404.03630364544114 487.03377870448145 425.6
403.6684912618708 488.2569228976438 425.2
402.48332319245907 492.1487453298585 425.0
399.9084953461803 502.60106843492036 424.4
399.9901033594358 503.93540755444667 424.0
402.1139660537161 512.7198067593107 423.0
402.3181263203492 514.2765357315645 422.6
402.39973350508836 515.6108748510907 421.8
403.21656893566984 519.3915023569415 420.8
404.1150900623158 523.5057146434641 419.6
405.7899429903283 526.9527573686433 418.4
407.5057584331889 529.0654609758766 417.4
411.38679128511427 533.5132580414906 416.2
412.1221766856023 533.9580377485261 416.2
413.34772438328747 535.8483515014515 416.4
419.1081370973426 540.518538419793 416.6
420.2111847447784 541.5192927602278 416.2
423.64296995194394 543.6319963658808 415.2
425.64479709907505 545.4111151924424 414.2
427.319797896823 546.8566492383325 413.0
429.5258677342931 549.0805477719296 412.0
429.444135480054 549.3029376246571 411.6
429.4032693556418 549.414132551021 411.4
428.99466506761564 549.8589122580564 411.2
429.0355027484913 550.0813021107841 411.4
428.5860703188273 550.192497038728 411.4
428.5860703188273 550.192497038728 411.4
429.1171875781849 550.4148868914557 411.2
429.1988818774809 550.6372767441833 412.2
428.83121958375466 550.0813021107841 412.8
424.0918876309886 549.6365224053288 412.8
415.8388470432606 549.6365224053288 412.4
410.52724851692074 552.5275904971088 412.2
406.60483402840117 554.7514890307059 411.6
405.909913265838 559.1992860963198 410.4
405.82802086063015 561.4231846299168 409.8
405.25586815681197 563.4246933092061 409.4
404.8472313685601 564.3142527216969 408.8
403.5804742890727 566.8717360343854 408.0
400.92460717093064 569.3180244207101 406.8
399.821482296443 569.3180244207101 406.8
394.6735313433678 569.7628041277455 405.8
393.8564192787902 569.5404142734377 405.6
389.7300616501696 567.6501005205123 405.4
383.8059383697538 566.7605411080216 405.0
380.61918200289915 566.0933715482585 404.6
378.2495382493331 565.648591841223 404.2
375.4712626240913 566.0933715482585 403.8
372.3250980602599 568.9844396416186 403.0
370.8947853739418 573.5434316335965 402.0
371.0172973334022 574.3217961197233 402.0
370.894662482825 575.2113555337943 401.8
372.16096516032985 578.5472033326097 401.4
372.97787075208646 581.5494663523336 401.0
373.54972801547126 583.3285851773151 401.0
375.51021134088353 591.6682046767239 400.4
377.838486025944 598.7846799813902 400.2
379.30912625168423 601.2309683677149 399.6
381.7193058268742 605.678765433329 399.4
381.5148395156512 608.1250538196537 398.4
379.47187215906513 610.2377574253067 398.2
378.08272983226 610.6825371323421 398.0
374.6916701201256 610.6825371323421 397.2
369.95238226726036 610.3489523532506 396.4
369.339540110094 610.3489523532506 396.2
367.6236551547003 609.3481980128159 395.8
364.0284504831795 607.4578842598905 395.0
363.0071425240782 606.1235451403644 394.8
358.14536017396534 604.6780110944743 394.0
356.87885770478454 604.1220364610751 393.6
353.48790288925125 602.5653074872412 392.8
347.1555205470106 597.7839256425357 391.8
345.19454275006876 596.0048068159741 391.6
341.2725980744109 592.2241793101232 390.6
336.002418582302 587.998772097237 389.6
329.3430849191834 584.2181445913859 388.4
326.3605781474189 584.1069496650222 387.8
325.95200017937435 584.3293395177498 387.6
325.7885747593569 584.3293395177498 387.4
325.21658578936825 584.3293395177498 387.2
317.98497583458044 584.885314151149 386.2
316.7593063107542 584.5517293704775 385.8
313.61342253449476 583.6621699579867 385.0
310.222474818722 581.5494663523336 384.0
309.48713522215894 580.3263221591712 383.6
307.2402850172417 576.2121098726487 382.8
306.6274996622132 575.2113555337943 382.2
304.66669391182813 570.207583834781 381.6
303.8087885802781 568.8732447136747 381.4
299.6826018015714 563.53588823557 380.0
297.8851779560884 559.088091169956 379.0
296.2920993615874 553.5283448375435 377.8
293.96356507867233 548.5245731385303 376.6
289.0202876266964 541.9640724656831 375.0
283.17806742661486 536.849105840306 373.4
271.0032137480078 528.3982914161135 372.0
268.5927688125704 526.3967827368242 371.2
266.1823219602554 524.3952740559548 370.6
261.7291170265246 520.7258414764677 369.4
257.4393275176639 517.1676038249246 369.0
252.74094590624512 513.9429509524731 368.2
245.99967261607128 511.49666256614836 366.8
244.56970111070441 511.05188285911294 366.2
244.07942310539025 510.9406879327491 365.6
244.24282932782867 511.3854676397845 365.6
244.56967409943974 511.60785749251215 365.4
239.4625242101417 512.2750270522753 365.2
236.88852130449467 512.608611832947 365.2
222.46597828216167 513.6093661718014 364.8
210.98513463532274 514.7213154386 365.2
200.28086492574707 508.60559447278825 365.8
194.3568232835755 502.9346532140119 366.0
187.7791009332729 496.04056776207324 366.6
186.63515652223575 494.5950337161832 366.8
184.59238798265508 492.25994025622236 367.2
182.67217680662873 490.25843157693305 367.4
177.76944038765512 486.92258377653746 367.8
163.71479928487688 480.2508881789066 368.0
153.78661864522323 476.35906574669195 367.8
151.98895754054095 474.4687519937665 367.6
145.3295024069315 464.9059883011953 367.6
139.48725935987244 452.1185717377527 368.2
138.17990712346906 449.0051137916648 368.4
135.11572645810367 444.22373194537926 368.6
132.05160122465284 437.107256640713 368.8
129.02832493519003 429.9907813360466 369.0
126.29102980726255 423.4302806631995 368.0
124.9019521033964 420.094432864384 367.6
123.10434163396246 414.868271311063 366.6
122.2055066566313 413.42273726517294 366.2
115.54599585301357 400.3017359210587 365.4
113.74836357692038 395.29796422204544 365.2
112.23668117454733 392.6292859829931 365.0
111.29703034986491 388.95985340350603 364.4
109.90797689547995 383.6224969238212 364.0
108.43726192506801 375.61646220666415 363.4
107.33415861500441 372.61419918694014 363.2
106.92560386142365 371.3910549937778 363.0
103.37117437897761 360.4939521816804 361.8
100.59294757411863 354.0446464367772 360.8
93.76981263798912 343.92590811238694 359.8
85.5166180153515 333.1400002282336 358.8
82.53402090326546 329.1369828680749 358.8
79.1429078810166 320.4637785911548 358.2
77.42697757870084 312.2353540181098 357.6
76.89593684557178 304.34051422731653 357.2
76.65087481228417 298.4471831142324 356.6
75.79292633611925 292.8874367818199 355.4
75.95637799474234 291.7754875166015 355.2
70.35883929417909 284.1030375769558 354.8
62.71821477112376 286.54932596328047 354.2
61.69673321065337 287.5500803037152 353.8
57.69250555455331 293.5546063431632 353.2
55.20005078606044 300.22630194079403 352.2
53.60649789088704 306.3420229066058 351.0
51.972045535699834 316.7943460116677 350.2
51.726853246309446 320.7973633702462 350.0
47.55924485180543 325.2451604358602 349.0
46.70122342767158 324.5779908760971 348.8
45.27119221511204 322.9100669758993 348.2
43.10572532027278 319.1294394700484 347.6
39.959674972134565 312.2353540181098 346.4
36.93618778575139 305.8972431995703 345.8
35.87388519477347 302.89498017984636 345.2
31.869790646691964 294.66655560838154 344.2
30.358036630873983 291.66429258865753 343.8
27.66138975630562 286.3269361105528 343.0
24.515310211986918 276.8753673459256 341.8
24.71961865959919 273.9842992525655 341.6
24.80140214355753 260.64090805572357 340.8
25.70031564435922 257.5274501096358 340.8
29.622843819795314 246.74154222548242 339.6
30.562630005006937 242.29374515986848 339.0
31.1346922235786 236.73399882745593 338.6
31.134760304370396 225.7257010889948 338.2
29.132704555028425 217.38608159116612 337.6
27.29406771893113 211.27036062535436 337.0
26.51778571624369 202.48596142049024 336.4
26.517838429662504 192.47841802246376 335.8
26.517868886297027 186.69628183732362 335.4
26.51787591475036 185.36194271779743 335.2
27.00823875446082 176.46634858498936 334.0
27.416849335159544 173.9088652723008 333.6
27.37601262615086 169.68345806099467 332.8
27.90723028850558 162.23339797565671 331.6
27.70293811505842 161.01025378249437 331.6
27.866391434168893 158.45277046980587 331.4
28.438511706828457 143.7750401518576 330.8
28.438519872385864 142.3295061059676 330.6
28.76544007292096 135.2130308013013 329.6
29.582680585061876 128.31894534778246 329.2
34.159113243056694 112.64046069097965 328.6
35.425799268986026 109.74939259919968 328.6
36.52904260150629 107.30310421287498 328.4
38.89898557641493 100.85379846797174 327.4
40.53343164977234 96.51719632872161 326.8
40.94204835565163 94.8492724285238 326.4
42.33137429410465 85.95367829729587 325.2
41.800241719211165 79.61556747875646 324.8
38.817512791502025 68.7184646666591 324.2
36.32504072446878 65.82739657487912 323.6
33.09708327515592 61.7131842883566 323.0
32.15729736525103 60.49004009519425 322.6
28.23470283224804 56.26463288230793 321.8
27.21319282123226 55.152683617089565 321.6
12.135648663364867 40.3637583727775 321.0
0.6537740658270669 26.90917224799161 321.0
-0.449469769346098 25.797222982773246 320.8
-6.415169921690889 17.568798411308403 320.6
-6.456032730316786 16.12326436383824 320.4
-6.537755096735659 15.78967958474678 320.4
-8.94855248634538 15.67848465838296 320.2
-8.94855248634538 15.67848465838296 320.2
-8.907691909521464 15.45609480407515 319.8
-8.907692106259361 15.344899877711333 319.6
-9.071136999881448 14.788925244312065 319.6
-9.071136999881448 14.788925244312065 319.6
-9.071136999881448 14.788925244312065 319.4
-9.030276022507168 14.788925244312065 319.4
-9.030276022507168 14.788925244312065 319.4
-8.989415044987721 14.788925244312065 319.4
-9.111996971149743 15.344899877711333 319.4
-9.111996971149743 15.344899877711333 319.2

